2023 01 03 004 32
2023 01 25 002 18
2023 02 20 002 20
2023 02 20 006 18
2023 03 04 005 35
2023 04 14 001 15
2023 05 01 002 17
2023 06 18 005 25
2023 06 28 003 25
2023 07 15 004 28
2023 08 09 001 1
2023 08 09 001 2
2023 08 09 001 3
2023 09 29 003 21
2023 10 12 001 10
2023 11 06 003 22
2023 12 30 004 30
2024 01 03 006 19
2024 01 09 003 25
2024 02 05 002 16
2024 03 17 002 4
2024 03 17 002 5
2024 03 17 002 6
2024 03 22 004 30
2024 04 16 002 19
2024 05 31 005 36
2024 06 01 005 28
2024 06 08 004 30
2024 07 24 004 28
2024 08 13 001 14
2024 09 05 001 20
2024 10 03 001 11
2024 11 30 003 27
2024 12 30 003 21
2025 01 15 004 30
2025 01 31 004 31
2025 02 28 002 24
2025 03 09 004 29
2025 04 03 003 24
2025 05 25 002 25
2025 06 30 003 27
2025 07 19 005 32
2025 08 03 005 35
2025 08 29 003 28
2025 09 22 001 18
2025 10 11 001 15
2025 11 09 001 23
2025 11 09 002 22
2025 11 09 004 22
2025 11 17 001 22
2025 12 06 002 21
